{"A":[[0,0,0,0,0,0,0,0,0,0,0,0,0,0,0,0,0,0,0,0,1,0,0,0,0,0,0,0,0,0,0,0,0,0,0,0,0,0,0,0],[0,0,0,0,0,0,0,0,0,0,0,0,0,0,0,0,0,0,0,0,0,1,0,0,0,0,0,0,0,0,0,0,0,0,0,0,0,0,0,0],[0,0,0,0,0,0,0,0,0,0,0,0,0,0,0,0,0,0,0,0,0,0,1,0,0,0,0,0,0,0,0,0,0,0,0,0,0,0,0,0],[0,0,0,0,0,0,0,0,0,0,0,0,0,0,0,0,0,0,0,0,0,0,0,1,0,0,0,0,0,0,0,0,0,0,0,0,0,0,0,0],[0,0,0,0,0,0,0,0,0,0,0,0,0,0,0,0,0,0,0,0,0,0,0,0,1,0,0,0,0,0,0,0,0,0,0,0,0,0,0,0],[0,0,0,0,0,0,0,0,0,0,0,0,0,0,0,0,0,0,0,0,0,0,0,0,0,1,0,0,0,0,0,0,0,0,0,0,0,0,0,0],[0,0,0,0,0,0,0,0,0,0,0,0,0,0,0,0,0,0,0,0,0,0,0,0,0,0,1,0,0,0,0,0,0,0,0,0,0,0,0,0],[0,0,0,0,0,0,0,0,0,0,0,0,0,0,0,0,0,0,0,0,0,0,0,0,0,0,0,1,0,0,0,0,0,0,0,0,0,0,0,0],[0,0,0,0,0,0,0,0,0,0,0,0,0,0,0,0,0,0,0,0,0,0,0,0,0,0,0,0,1,0,0,0,0,0,0,0,0,0,0,0],[0,0,0,0,0,0,0,0,0,0,0,0,0,0,0,0,0,0,0,0,0,0,0,0,0,0,0,0,0,1,0,0,0,0,0,0,0,0,0,0],[0,0,0,0,0,0,0,0,0,0,0,0,0,0,0,0,0,0,0,0,0,0,0,0,0,0,0,0,0,0,1,0,0,0,0,0,0,0,0,0],[0,0,0,0,0,0,0,0,0,0,0,0,0,0,0,0,0,0,0,0,0,0,0,0,0,0,0,0,0,0,0,1,0,0,0,0,0,0,0,0],[0,0,0,0,0,0,0,0,0,0,0,0,0,0,0,0,0,0,0,0,0,0,0,0,0,0,0,0,0,0,0,0,1,0,0,0,0,0,0,0],[0,0,0,0,0,0,0,0,0,0,0,0,0,0,0,0,0,0,0,0,0,0,0,0,0,0,0,0,0,0,0,0,0,1,0,0,0,0,0,0],[0,0,0,0,0,0,0,0,0,0,0,0,0,0,0,0,0,0,0,0,0,0,0,0,0,0,0,0,0,0,0,0,0,0,1,0,0,0,0,0],[0,0,0,0,0,0,0,0,0,0,0,0,0,0,0,0,0,0,0,0,0,0,0,0,0,0,0,0,0,0,0,0,0,0,0,1,0,0,0,0],[0,0,0,0,0,0,0,0,0,0,0,0,0,0,0,0,0,0,0,0,0,0,0,0,0,0,0,0,0,0,0,0,0,0,0,0,1,0,0,0],[0,0,0,0,0,0,0,0,0,0,0,0,0,0,0,0,0,0,0,0,0,0,0,0,0,0,0,0,0,0,0,0,0,0,0,0,0,1,0,0],[0,0,0,0,0,0,0,0,0,0,0,0,0,0,0,0,0,0,0,0,0,0,0,0,0,0,0,0,0,0,0,0,0,0,0,0,0,0,1,0],[0,0,0,0,0,0,0,0,0,0,0,0,0,0,0,0,0,0,0,0,0,0,0,0,0,0,0,0,0,0,0,0,0,0,0,0,0,0,0,1],[-0.99024391210000007,-0,-0,-0,-0,-0,-0,-0,-0,-0,-0,-0,-0,-0,-0,-0,-0,-0,-0,-0,-0.0099511000000000009,-0,-0,-0,-0,-0,-0,-0,-0,-0,-0,-0,-0,-0,-0,-0,-0,-0,-0,-0],[-0,-2.1480126721,-0,-0,-0,-0,-0,-0,-0,-0,-0,-0,-0,-0,-0,-0,-0,-0,-0,-0,-0,-0.014656100000000002,-0,-0,-0,-0,-0,-0,-0,-0,-0,-0,-0,-0,-0,-0,-0,-0,-0,-0],[-0,-0,-23.4001485169,-0,-0,-0,-0,-0,-0,-0,-0,-0,-0,-0,-0,-0,-0,-0,-0,-0,-0,-0,-0.0483737,-0,-0,-0,-0,-0,-0,-0,-0,-0,-0,-0,-0,-0,-0,-0,-0,-0],[-0,-0,-0,-152.01410436,-0,-0,-0,-0,-0,-0,-0,-0,-0,-0,-0,-0,-0,-0,-0,-0,-0,-0,-0,-0.123294,-0,-0,-0,-0,-0,-0,-0,-0,-0,-0,-0,-0,-0,-0,-0,-0],[-0,-0,-0,-0,-182.05565184000002,-0,-0,-0,-0,-0,-0,-0,-0,-0,-0,-0,-0,-0,-0,-0,-0,-0,-0,-0,-0.13492800000000002,-0,-0,-0,-0,-0,-0,-0,-0,-0,-0,-0,-0,-0,-0,-0],[-0,-0,-0,-0,-0,-754.57343025,-0,-0,-0,-0,-0,-0,-0,-0,-0,-0,-0,-0,-0,-0,-0,-0,-0,-0,-0,-0.274695,-0,-0,-0,-0,-0,-0,-0,-0,-0,-0,-0,-0,-0,-0],[-0,-0,-0,-0,-0,-0,-908.00974223999992,-0,-0,-0,-0,-0,-0,-0,-0,-0,-0,-0,-0,-0,-0,-0,-0,-0,-0,-0,-0.301332,-0,-0,-0,-0,-0,-0,-0,-0,-0,-0,-0,-0,-0],[-0,-0,-0,-0,-0,-0,-0,-1656.9051660100001,-0,-0,-0,-0,-0,-0,-0,-0,-0,-0,-0,-0,-0,-0,-0,-0,-0,-0,-0,-0.40705100000000005,-0,-0,-0,-0,-0,-0,-0,-0,-0,-0,-0,-0],[-0,-0,-0,-0,-0,-0,-0,-0,-2339.3473422399998,-0,-0,-0,-0,-0,-0,-0,-0,-0,-0,-0,-0,-0,-0,-0,-0,-0,-0,-0,-0.483668,-0,-0,-0,-0,-0,-0,-0,-0,-0,-0,-0],[-0,-0,-0,-0,-0,-0,-0,-0,-0,-2486.12929321,-0,-0,-0,-0,-0,-0,-0,-0,-0,-0,-0,-0,-0,-0,-0,-0,-0,-0,-0,-0.498611,-0,-0,-0,-0,-0,-0,-0,-0,-0,-0],[-0,-0,-0,-0,-0,-0,-0,-0,-0,-0,-3249.06840036,-0,-0,-0,-0,-0,-0,-0,-0,-0,-0,-0,-0,-0,-0,-0,-0,-0,-0,-0,-0.570006,-0,-0,-0,-0,-0,-0,-0,-0,-0],[-0,-0,-0,-0,-0,-0,-0,-0,-0,-0,-0,-4842.03047409,-0,-0,-0,-0,-0,-0,-0,-0,-0,-0,-0,-0,-0,-0,-0,-0,-0,-0,-0,-0.695847,-0,-0,-0,-0,-0,-0,-0,-0],[-0,-0,-0,-0,-0,-0,-0,-0,-0,-0,-0,-0,-5792.41244241,-0,-0,-0,-0,-0,-0,-0,-0,-0,-0,-0,-0,-0,-0,-0,-0,-0,-0,-0,-0.76107900000000006,-0,-0,-0,-0,-0,-0,-0],[-0,-0,-0,-0,-0,-0,-0,-0,-0,-0,-0,-0,-0,-8321.2161084899981,-0,-0,-0,-0,-0,-0,-0,-0,-0,-0,-0,-0,-0,-0,-0,-0,-0,-0,-0,-0.912207,-0,-0,-0,-0,-0,-0],[-0,-0,-0,-0,-0,-0,-0,-0,-0,-0,-0,-0,-0,-0,-9673.5486576400017,-0,-0,-0,-0,-0,-0,-0,-0,-0,-0,-0,-0,-0,-0,-0,-0,-0,-0,-0,-0.983542,-0,-0,-0,-0,-0],[-0,-0,-0,-0,-0,-0,-0,-0,-0,-0,-0,-0,-0,-0,-0,-10283.379648999999,-0,-0,-0,-0,-0,-0,-0,-0,-0,-0,-0,-0,-0,-0,-0,-0,-0,-0,-0,-1.01407,-0,-0,-0,-0],[-0,-0,-0,-0,-0,-0,-0,-0,-0,-0,-0,-0,-0,-0,-0,-0,-13781.351236,-0,-0,-0,-0,-0,-0,-0,-0,-0,-0,-0,-0,-0,-0,-0,-0,-0,-0,-0,-1.17394,-0,-0,-0],[-0,-0,-0,-0,-0,-0,-0,-0,-0,-0,-0,-0,-0,-0,-0,-0,-0,-17155.236484,-0,-0,-0,-0,-0,-0,-0,-0,-0,-0,-0,-0,-0,-0,-0,-0,-0,-0,-0,-1.3097800000000002,-0,-0],[-0,-0,-0,-0,-0,-0,-0,-0,-0,-0,-0,-0,-0,-0,-0,-0,-0,-0,-18415.847025000003,-0,-0,-0,-0,-0,-0,-0,-0,-0,-0,-0,-0,-0,-0,-0,-0,-0,-0,-0,-1.35705,-0],[-0,-0,-0,-0,-0,-0,-0,-0,-0,-0,-0,-0,-0,-0,-0,-0,-0,-0,-0,-18967.073841,-0,-0,-0,-0,-0,-0,-0,-0,-0,-0,-0,-0,-0,-0,-0,-0,-0,-0,-0,-1.37721]],"B":[[0,0],[0,0],[0,0],[0,0],[0,0],[0,0],[0,0],[0,0],[0,0],[0,0],[0,0],[0,0],[0,0],[0,0],[0,0],[0,0],[0,0],[0,0],[0,0],[0,0],[0.0674561,-0.0674559],[0.0936079,0.093608],[0.143665,0.143665],[0.0808331,-0.0808331],[-0.0707422,-0.0707422],[-0.0309156,0.0309156],[0.060544,0.060544],[0.00277099,0.00277099],[0.040953,-0.040953],[-0.118247,-0.118247],[-0.149486,-0.149486],[-0.080104,-0.080104],[0.0849413,-0.0849413],[0.158145,0.158145],[0.0199461,0.0199461],[0.0528277,-0.0528276],[0.0342809,-0.0342809],[0.138786,0.138786],[0.275623,-0.275623],[-0.0635756,-0.0635756]],"C":[[-0.274346,2.56495E-7,1.24771E-8,0.0638627,-9.02473E-9,-0.354791,5.15609E-9,9.47967E-9,0.289055,7.72417E-8,-1.09564E-8,-1.49674E-9,0.204444,2.42373E-8,-6.97884E-8,-0.389486,-0.0925547,1.85888E-7,-0.584968,-1.94107E-7,0,0,0,0,0,0,0,0,0,0,0,0,0,0,0,0,0,0,0,0],[-2.01214E-8,-0.0302832,0.175384,2.0214E-8,0.0807153,1.12285E-8,0.335051,-0.0801912,1.20779E-7,-0.282554,0.526414,0.323432,-1.96047E-9,0.0875089,-0.502781,1.28096E-7,2.59987E-9,-0.711243,1.06339E-7,-1.21232,0,0,0,0,0,0,0,0,0,0,0,0,0,0,0,0,0,0,0,0]],"E":[[0,0],[0,0],[0,0],[0,0],[0,0],[0,0],[0,0],[0,0],[0,0],[0,0],[0,0],[0,0],[0,0],[0,0],[0,0],[0,0],[0,0],[0,0],[0,0],[0,0],[0.2002,-0.2002],[0.078,0.078],[0.1792,0.1792],[0.3097,-0.3097],[-0.2593,-0.2593],[-0.3643,0.3643],[-0.2558,-0.2558],[-0.0218,-0.0218],[-0.3952,0.3952],[0.4019,0.4019],[0.2539,0.2539],[0.445,0.445],[-0.3796,0.3796],[-0.1055,-0.1055],[-0.5033,-0.5033],[-0.2124,0.2124],[-0.227,0.227],[0.3445,0.3445],[-0.5083,0.5083],[0.334,0.334]],"B1":[0,0,0,0,0,0,0,0,0,0,0,0,0,0,0,0,0,0,0,0,0.2002,0.078,0.1792,0.3097,-0.2593,-0.3643,-0.2558,-0.0218,-0.3952,0.4019,0.2539,0.445,-0.3796,-0.1055,-0.5033,-0.2124,-0.227,0.3445,-0.5083,0.334],"x0":[0,0,0,0,0,0,0,0,0,0,0,0,0,0,0,0,0,0,0,0,0.2002,0.078,0.1792,0.3097,-0.2593,-0.3643,-0.2558,-0.0218,-0.3952,0.4019,0.2539,0.445,-0.3796,-0.1055,-0.5033,-0.2124,-0.227,0.3445,-0.5083,0.334],"Q":[[1.0E+7,0,0,0,0,0,0,0,0,0,0,0,0,0,0,0,0,0,0,0,0,0,0,0,0,0,0,0,0,0,0,0,0,0,0,0,0,0,0,0],[0,1.0E+7,0,0,0,0,0,0,0,0,0,0,0,0,0,0,0,0,0,0,0,0,0,0,0,0,0,0,0,0,0,0,0,0,0,0,0,0,0,0],[0,0,1.0E+7,0,0,0,0,0,0,0,0,0,0,0,0,0,0,0,0,0,0,0,0,0,0,0,0,0,0,0,0,0,0,0,0,0,0,0,0,0],[0,0,0,1.0E+7,0,0,0,0,0,0,0,0,0,0,0,0,0,0,0,0,0,0,0,0,0,0,0,0,0,0,0,0,0,0,0,0,0,0,0,0],[0,0,0,0,1.0E+6,0,0,0,0,0,0,0,0,0,0,0,0,0,0,0,0,0,0,0,0,0,0,0,0,0,0,0,0,0,0,0,0,0,0,0],[0,0,0,0,0,1.0E+6,0,0,0,0,0,0,0,0,0,0,0,0,0,0,0,0,0,0,0,0,0,0,0,0,0,0,0,0,0,0,0,0,0,0],[0,0,0,0,0,0,1.0E+6,0,0,0,0,0,0,0,0,0,0,0,0,0,0,0,0,0,0,0,0,0,0,0,0,0,0,0,0,0,0,0,0,0],[0,0,0,0,0,0,0,1.0E+6,0,0,0,0,0,0,0,0,0,0,0,0,0,0,0,0,0,0,0,0,0,0,0,0,0,0,0,0,0,0,0,0],[0,0,0,0,0,0,0,0,1.0E+7,0,0,0,0,0,0,0,0,0,0,0,0,0,0,0,0,0,0,0,0,0,0,0,0,0,0,0,0,0,0,0],[0,0,0,0,0,0,0,0,0,1.0E+7,0,0,0,0,0,0,0,0,0,0,0,0,0,0,0,0,0,0,0,0,0,0,0,0,0,0,0,0,0,0],[0,0,0,0,0,0,0,0,0,0,1.0E+7,0,0,0,0,0,0,0,0,0,0,0,0,0,0,0,0,0,0,0,0,0,0,0,0,0,0,0,0,0],[0,0,0,0,0,0,0,0,0,0,0,1.0E+7,0,0,0,0,0,0,0,0,0,0,0,0,0,0,0,0,0,0,0,0,0,0,0,0,0,0,0,0],[0,0,0,0,0,0,0,0,0,0,0,0,1.0E+6,0,0,0,0,0,0,0,0,0,0,0,0,0,0,0,0,0,0,0,0,0,0,0,0,0,0,0],[0,0,0,0,0,0,0,0,0,0,0,0,0,1.0E+6,0,0,0,0,0,0,0,0,0,0,0,0,0,0,0,0,0,0,0,0,0,0,0,0,0,0],[0,0,0,0,0,0,0,0,0,0,0,0,0,0,1.0E+6,0,0,0,0,0,0,0,0,0,0,0,0,0,0,0,0,0,0,0,0,0,0,0,0,0],[0,0,0,0,0,0,0,0,0,0,0,0,0,0,0,1.0E+6,0,0,0,0,0,0,0,0,0,0,0,0,0,0,0,0,0,0,0,0,0,0,0,0],[0,0,0,0,0,0,0,0,0,0,0,0,0,0,0,0,500000,0,0,0,0,0,0,0,0,0,0,0,0,0,0,0,0,0,0,0,0,0,0,0],[0,0,0,0,0,0,0,0,0,0,0,0,0,0,0,0,0,500000,0,0,0,0,0,0,0,0,0,0,0,0,0,0,0,0,0,0,0,0,0,0],[0,0,0,0,0,0,0,0,0,0,0,0,0,0,0,0,0,0,500000,0,0,0,0,0,0,0,0,0,0,0,0,0,0,0,0,0,0,0,0,0],[0,0,0,0,0,0,0,0,0,0,0,0,0,0,0,0,0,0,0,500000,0,0,0,0,0,0,0,0,0,0,0,0,0,0,0,0,0,0,0,0],[0,0,0,0,0,0,0,0,0,0,0,0,0,0,0,0,0,0,0,0,100000,0,0,0,0,0,0,0,0,0,0,0,0,0,0,0,0,0,0,0],[0,0,0,0,0,0,0,0,0,0,0,0,0,0,0,0,0,0,0,0,0,100000,0,0,0,0,0,0,0,0,0,0,0,0,0,0,0,0,0,0],[0,0,0,0,0,0,0,0,0,0,0,0,0,0,0,0,0,0,0,0,0,0,100000,0,0,0,0,0,0,0,0,0,0,0,0,0,0,0,0,0],[0,0,0,0,0,0,0,0,0,0,0,0,0,0,0,0,0,0,0,0,0,0,0,100000,0,0,0,0,0,0,0,0,0,0,0,0,0,0,0,0],[0,0,0,0,0,0,0,0,0,0,0,0,0,0,0,0,0,0,0,0,0,0,0,0,500000,0,0,0,0,0,0,0,0,0,0,0,0,0,0,0],[0,0,0,0,0,0,0,0,0,0,0,0,0,0,0,0,0,0,0,0,0,0,0,0,0,500000,0,0,0,0,0,0,0,0,0,0,0,0,0,0],[0,0,0,0,0,0,0,0,0,0,0,0,0,0,0,0,0,0,0,0,0,0,0,0,0,0,500000,0,0,0,0,0,0,0,0,0,0,0,0,0],[0,0,0,0,0,0,0,0,0,0,0,0,0,0,0,0,0,0,0,0,0,0,0,0,0,0,0,500000,0,0,0,0,0,0,0,0,0,0,0,0],[0,0,0,0,0,0,0,0,0,0,0,0,0,0,0,0,0,0,0,0,0,0,0,0,0,0,0,0,100000,0,0,0,0,0,0,0,0,0,0,0],[0,0,0,0,0,0,0,0,0,0,0,0,0,0,0,0,0,0,0,0,0,0,0,0,0,0,0,0,0,100000,0,0,0,0,0,0,0,0,0,0],[0,0,0,0,0,0,0,0,0,0,0,0,0,0,0,0,0,0,0,0,0,0,0,0,0,0,0,0,0,0,100000,0,0,0,0,0,0,0,0,0],[0,0,0,0,0,0,0,0,0,0,0,0,0,0,0,0,0,0,0,0,0,0,0,0,0,0,0,0,0,0,0,100000,0,0,0,0,0,0,0,0],[0,0,0,0,0,0,0,0,0,0,0,0,0,0,0,0,0,0,0,0,0,0,0,0,0,0,0,0,0,0,0,0,100000,0,0,0,0,0,0,0],[0,0,0,0,0,0,0,0,0,0,0,0,0,0,0,0,0,0,0,0,0,0,0,0,0,0,0,0,0,0,0,0,0,100000,0,0,0,0,0,0],[0,0,0,0,0,0,0,0,0,0,0,0,0,0,0,0,0,0,0,0,0,0,0,0,0,0,0,0,0,0,0,0,0,0,100000,0,0,0,0,0],[0,0,0,0,0,0,0,0,0,0,0,0,0,0,0,0,0,0,0,0,0,0,0,0,0,0,0,0,0,0,0,0,0,0,0,100000,0,0,0,0],[0,0,0,0,0,0,0,0,0,0,0,0,0,0,0,0,0,0,0,0,0,0,0,0,0,0,0,0,0,0,0,0,0,0,0,0,100000,0,0,0],[0,0,0,0,0,0,0,0,0,0,0,0,0,0,0,0,0,0,0,0,0,0,0,0,0,0,0,0,0,0,0,0,0,0,0,0,0,100000,0,0],[0,0,0,0,0,0,0,0,0,0,0,0,0,0,0,0,0,0,0,0,0,0,0,0,0,0,0,0,0,0,0,0,0,0,0,0,0,0,100000,0],[0,0,0,0,0,0,0,0,0,0,0,0,0,0,0,0,0,0,0,0,0,0,0,0,0,0,0,0,0,0,0,0,0,0,0,0,0,0,0,100000]],"C1":[[3162.2776601683795,0,0,0,0,0,0,0,0,0,0,0,0,0,0,0,0,0,0,0,0,0,0,0,0,0,0,0,0,0,0,0,0,0,0,0,0,0,0,0],[0,3162.2776601683795,0,0,0,0,0,0,0,0,0,0,0,0,0,0,0,0,0,0,0,0,0,0,0,0,0,0,0,0,0,0,0,0,0,0,0,0,0,0],[0,0,3162.2776601683795,0,0,0,0,0,0,0,0,0,0,0,0,0,0,0,0,0,0,0,0,0,0,0,0,0,0,0,0,0,0,0,0,0,0,0,0,0],[0,0,0,3162.2776601683795,0,0,0,0,0,0,0,0,0,0,0,0,0,0,0,0,0,0,0,0,0,0,0,0,0,0,0,0,0,0,0,0,0,0,0,0],[0,0,0,0,1000.0000000000001,0,0,0,0,0,0,0,0,0,0,0,0,0,0,0,0,0,0,0,0,0,0,0,0,0,0,0,0,0,0,0,0,0,0,0],[0,0,0,0,0,1000.0000000000001,0,0,0,0,0,0,0,0,0,0,0,0,0,0,0,0,0,0,0,0,0,0,0,0,0,0,0,0,0,0,0,0,0,0],[0,0,0,0,0,0,1000.0000000000001,0,0,0,0,0,0,0,0,0,0,0,0,0,0,0,0,0,0,0,0,0,0,0,0,0,0,0,0,0,0,0,0,0],[0,0,0,0,0,0,0,1000.0000000000001,0,0,0,0,0,0,0,0,0,0,0,0,0,0,0,0,0,0,0,0,0,0,0,0,0,0,0,0,0,0,0,0],[0,0,0,0,0,0,0,0,3162.2776601683795,0,0,0,0,0,0,0,0,0,0,0,0,0,0,0,0,0,0,0,0,0,0,0,0,0,0,0,0,0,0,0],[0,0,0,0,0,0,0,0,0,3162.2776601683795,0,0,0,0,0,0,0,0,0,0,0,0,0,0,0,0,0,0,0,0,0,0,0,0,0,0,0,0,0,0],[0,0,0,0,0,0,0,0,0,0,3162.2776601683795,0,0,0,0,0,0,0,0,0,0,0,0,0,0,0,0,0,0,0,0,0,0,0,0,0,0,0,0,0],[0,0,0,0,0,0,0,0,0,0,0,3162.2776601683795,0,0,0,0,0,0,0,0,0,0,0,0,0,0,0,0,0,0,0,0,0,0,0,0,0,0,0,0],[0,0,0,0,0,0,0,0,0,0,0,0,1000.0000000000001,0,0,0,0,0,0,0,0,0,0,0,0,0,0,0,0,0,0,0,0,0,0,0,0,0,0,0],[0,0,0,0,0,0,0,0,0,0,0,0,0,1000.0000000000001,0,0,0,0,0,0,0,0,0,0,0,0,0,0,0,0,0,0,0,0,0,0,0,0,0,0],[0,0,0,0,0,0,0,0,0,0,0,0,0,0,1000.0000000000001,0,0,0,0,0,0,0,0,0,0,0,0,0,0,0,0,0,0,0,0,0,0,0,0,0],[0,0,0,0,0,0,0,0,0,0,0,0,0,0,0,1000.0000000000001,0,0,0,0,0,0,0,0,0,0,0,0,0,0,0,0,0,0,0,0,0,0,0,0],[0,0,0,0,0,0,0,0,0,0,0,0,0,0,0,0,707.10678118654766,0,0,0,0,0,0,0,0,0,0,0,0,0,0,0,0,0,0,0,0,0,0,0],[0,0,0,0,0,0,0,0,0,0,0,0,0,0,0,0,0,707.10678118654766,0,0,0,0,0,0,0,0,0,0,0,0,0,0,0,0,0,0,0,0,0,0],[0,0,0,0,0,0,0,0,0,0,0,0,0,0,0,0,0,0,707.10678118654766,0,0,0,0,0,0,0,0,0,0,0,0,0,0,0,0,0,0,0,0,0],[0,0,0,0,0,0,0,0,0,0,0,0,0,0,0,0,0,0,0,707.10678118654766,0,0,0,0,0,0,0,0,0,0,0,0,0,0,0,0,0,0,0,0],[0,0,0,0,0,0,0,0,0,0,0,0,0,0,0,0,0,0,0,0,316.22776601683796,0,0,0,0,0,0,0,0,0,0,0,0,0,0,0,0,0,0,0],[0,0,0,0,0,0,0,0,0,0,0,0,0,0,0,0,0,0,0,0,0,316.22776601683796,0,0,0,0,0,0,0,0,0,0,0,0,0,0,0,0,0,0],[0,0,0,0,0,0,0,0,0,0,0,0,0,0,0,0,0,0,0,0,0,0,316.22776601683796,0,0,0,0,0,0,0,0,0,0,0,0,0,0,0,0,0],[0,0,0,0,0,0,0,0,0,0,0,0,0,0,0,0,0,0,0,0,0,0,0,316.22776601683796,0,0,0,0,0,0,0,0,0,0,0,0,0,0,0,0],[0,0,0,0,0,0,0,0,0,0,0,0,0,0,0,0,0,0,0,0,0,0,0,0,707.10678118654766,0,0,0,0,0,0,0,0,0,0,0,0,0,0,0],[0,0,0,0,0,0,0,0,0,0,0,0,0,0,0,0,0,0,0,0,0,0,0,0,0,707.10678118654766,0,0,0,0,0,0,0,0,0,0,0,0,0,0],[0,0,0,0,0,0,0,0,0,0,0,0,0,0,0,0,0,0,0,0,0,0,0,0,0,0,707.10678118654766,0,0,0,0,0,0,0,0,0,0,0,0,0],[0,0,0,0,0,0,0,0,0,0,0,0,0,0,0,0,0,0,0,0,0,0,0,0,0,0,0,707.10678118654766,0,0,0,0,0,0,0,0,0,0,0,0],[0,0,0,0,0,0,0,0,0,0,0,0,0,0,0,0,0,0,0,0,0,0,0,0,0,0,0,0,316.22776601683796,0,0,0,0,0,0,0,0,0,0,0],[0,0,0,0,0,0,0,0,0,0,0,0,0,0,0,0,0,0,0,0,0,0,0,0,0,0,0,0,0,316.22776601683796,0,0,0,0,0,0,0,0,0,0],[0,0,0,0,0,0,0,0,0,0,0,0,0,0,0,0,0,0,0,0,0,0,0,0,0,0,0,0,0,0,316.22776601683796,0,0,0,0,0,0,0,0,0],[0,0,0,0,0,0,0,0,0,0,0,0,0,0,0,0,0,0,0,0,0,0,0,0,0,0,0,0,0,0,0,316.22776601683796,0,0,0,0,0,0,0,0],[0,0,0,0,0,0,0,0,0,0,0,0,0,0,0,0,0,0,0,0,0,0,0,0,0,0,0,0,0,0,0,0,316.22776601683796,0,0,0,0,0,0,0],[0,0,0,0,0,0,0,0,0,0,0,0,0,0,0,0,0,0,0,0,0,0,0,0,0,0,0,0,0,0,0,0,0,316.22776601683796,0,0,0,0,0,0],[0,0,0,0,0,0,0,0,0,0,0,0,0,0,0,0,0,0,0,0,0,0,0,0,0,0,0,0,0,0,0,0,0,0,316.22776601683796,0,0,0,0,0],[0,0,0,0,0,0,0,0,0,0,0,0,0,0,0,0,0,0,0,0,0,0,0,0,0,0,0,0,0,0,0,0,0,0,0,316.22776601683796,0,0,0,0],[0,0,0,0,0,0,0,0,0,0,0,0,0,0,0,0,0,0,0,0,0,0,0,0,0,0,0,0,0,0,0,0,0,0,0,0,316.22776601683796,0,0,0],[0,0,0,0,0,0,0,0,0,0,0,0,0,0,0,0,0,0,0,0,0,0,0,0,0,0,0,0,0,0,0,0,0,0,0,0,0,316.22776601683796,0,0],[0,0,0,0,0,0,0,0,0,0,0,0,0,0,0,0,0,0,0,0,0,0,0,0,0,0,0,0,0,0,0,0,0,0,0,0,0,0,316.22776601683796,0],[0,0,0,0,0,0,0,0,0,0,0,0,0,0,0,0,0,0,0,0,0,0,0,0,0,0,0,0,0,0,0,0,0,0,0,0,0,0,0,316.22776601683796],[0,0,0,0,0,0,0,0,0,0,0,0,0,0,0,0,0,0,0,0,0,0,0,0,0,0,0,0,0,0,0,0,0,0,0,0,0,0,0,0],[0,0,0,0,0,0,0,0,0,0,0,0,0,0,0,0,0,0,0,0,0,0,0,0,0,0,0,0,0,0,0,0,0,0,0,0,0,0,0,0]],"P":[[0,0,0,0,0,0,0,0,0,0,0,0,0,0,0,0,0,0,0,0,0,0,0,0,0,0,0,0,0,0,0,0,0,0,0,0,0,0,0,0],[0,0,0,0,0,0,0,0,0,0,0,0,0,0,0,0,0,0,0,0,0,0,0,0,0,0,0,0,0,0,0,0,0,0,0,0,0,0,0,0],[0,0,0,0,0,0,0,0,0,0,0,0,0,0,0,0,0,0,0,0,0,0,0,0,0,0,0,0,0,0,0,0,0,0,0,0,0,0,0,0],[0,0,0,0,0,0,0,0,0,0,0,0,0,0,0,0,0,0,0,0,0,0,0,0,0,0,0,0,0,0,0,0,0,0,0,0,0,0,0,0],[0,0,0,0,0,0,0,0,0,0,0,0,0,0,0,0,0,0,0,0,0,0,0,0,0,0,0,0,0,0,0,0,0,0,0,0,0,0,0,0],[0,0,0,0,0,0,0,0,0,0,0,0,0,0,0,0,0,0,0,0,0,0,0,0,0,0,0,0,0,0,0,0,0,0,0,0,0,0,0,0],[0,0,0,0,0,0,0,0,0,0,0,0,0,0,0,0,0,0,0,0,0,0,0,0,0,0,0,0,0,0,0,0,0,0,0,0,0,0,0,0],[0,0,0,0,0,0,0,0,0,0,0,0,0,0,0,0,0,0,0,0,0,0,0,0,0,0,0,0,0,0,0,0,0,0,0,0,0,0,0,0],[0,0,0,0,0,0,0,0,0,0,0,0,0,0,0,0,0,0,0,0,0,0,0,0,0,0,0,0,0,0,0,0,0,0,0,0,0,0,0,0],[0,0,0,0,0,0,0,0,0,0,0,0,0,0,0,0,0,0,0,0,0,0,0,0,0,0,0,0,0,0,0,0,0,0,0,0,0,0,0,0],[0,0,0,0,0,0,0,0,0,0,0,0,0,0,0,0,0,0,0,0,0,0,0,0,0,0,0,0,0,0,0,0,0,0,0,0,0,0,0,0],[0,0,0,0,0,0,0,0,0,0,0,0,0,0,0,0,0,0,0,0,0,0,0,0,0,0,0,0,0,0,0,0,0,0,0,0,0,0,0,0],[0,0,0,0,0,0,0,0,0,0,0,0,0,0,0,0,0,0,0,0,0,0,0,0,0,0,0,0,0,0,0,0,0,0,0,0,0,0,0,0],[0,0,0,0,0,0,0,0,0,0,0,0,0,0,0,0,0,0,0,0,0,0,0,0,0,0,0,0,0,0,0,0,0,0,0,0,0,0,0,0],[0,0,0,0,0,0,0,0,0,0,0,0,0,0,0,0,0,0,0,0,0,0,0,0,0,0,0,0,0,0,0,0,0,0,0,0,0,0,0,0],[0,0,0,0,0,0,0,0,0,0,0,0,0,0,0,0,0,0,0,0,0,0,0,0,0,0,0,0,0,0,0,0,0,0,0,0,0,0,0,0],[0,0,0,0,0,0,0,0,0,0,0,0,0,0,0,0,0,0,0,0,0,0,0,0,0,0,0,0,0,0,0,0,0,0,0,0,0,0,0,0],[0,0,0,0,0,0,0,0,0,0,0,0,0,0,0,0,0,0,0,0,0,0,0,0,0,0,0,0,0,0,0,0,0,0,0,0,0,0,0,0],[0,0,0,0,0,0,0,0,0,0,0,0,0,0,0,0,0,0,0,0,0,0,0,0,0,0,0,0,0,0,0,0,0,0,0,0,0,0,0,0],[0,0,0,0,0,0,0,0,0,0,0,0,0,0,0,0,0,0,0,0,0,0,0,0,0,0,0,0,0,0,0,0,0,0,0,0,0,0,0,0],[0,0,0,0,0,0,0,0,0,0,0,0,0,0,0,0,0,0,0,0,0.04008004,0.015615599999999999,0.03587584,0.062001939999999992,-0.05191185999999999,-0.07293286,-0.051211160000000006,-0.0043643599999999994,-0.07911904,0.08046038,0.05083078,0.089089,-0.07599592,-0.021121099999999997,-0.10076065999999999,-0.04252248,-0.0454454,0.068968899999999986,-0.10176165999999999,0.0668668],[0,0,0,0,0,0,0,0,0,0,0,0,0,0,0,0,0,0,0,0,0.015615599999999999,0.006084,0.0139776,0.024156599999999997,-0.020225399999999998,-0.0284154,-0.019952400000000002,-0.0017004,-0.030825599999999998,0.0313482,0.0198042,0.03471,-0.0296088,-0.008229,-0.0392574,-0.0165672,-0.017706,0.026871,-0.0396474,0.026052000000000002],[0,0,0,0,0,0,0,0,0,0,0,0,0,0,0,0,0,0,0,0,0.03587584,0.0139776,0.03211264,0.05549824,-0.04646656,-0.06528256,-0.04583936,-0.00390656,-0.07081984,0.07202048,0.045498880000000005,0.079744,-0.06802432,-0.018905599999999998,-0.09019136,-0.03806208,-0.0406784,0.061734399999999995,-0.091087359999999992,0.059852800000000005],[0,0,0,0,0,0,0,0,0,0,0,0,0,0,0,0,0,0,0,0,0.062001939999999992,0.024156599999999997,0.05549824,0.09591408999999998,-0.080305209999999988,-0.11282371,-0.07922126,-0.0067514599999999991,-0.12239343999999999,0.12446842999999998,0.07863283,0.13781649999999998,-0.11756211999999999,-0.03267335,-0.15587200999999998,-0.06578028,-0.0703019,0.10669164999999999,-0.15742050999999999,0.1034398],[0,0,0,0,0,0,0,0,0,0,0,0,0,0,0,0,0,0,0,0,-0.05191185999999999,-0.020225399999999998,-0.04646656,-0.080305209999999988,0.067236489999999982,0.09446299,0.06632894,0.00565274,0.10247535999999999,-0.10421266999999998,-0.06583627,-0.11538849999999999,0.09843028,0.027356149999999996,0.13050568999999998,0.05507532,0.0588611,-0.089328849999999987,0.13180218999999999,-0.0866062],[0,0,0,0,0,0,0,0,0,0,0,0,0,0,0,0,0,0,0,0,-0.07293286,-0.0284154,-0.06528256,-0.11282371,0.09446299,0.13271449000000002,0.093187940000000011,0.007941740000000001,0.14397136,-0.14641217,-0.09249577,-0.16211350000000002,0.13828828,0.03843365,0.18335219,0.07737732,0.082696100000000008,-0.12550134999999998,0.18517369,-0.12167620000000001],[0,0,0,0,0,0,0,0,0,0,0,0,0,0,0,0,0,0,0,0,-0.051211160000000006,-0.019952400000000002,-0.04583936,-0.07922126,0.06632894,0.093187940000000011,0.065433640000000015,0.00557644,0.10109216000000001,-0.10280602000000001,-0.064947620000000011,-0.11383100000000002,0.09710168000000001,0.0269869,0.12874414,0.054331920000000006,0.05806660000000001,-0.0881231,0.13002314,-0.085437200000000019],[0,0,0,0,0,0,0,0,0,0,0,0,0,0,0,0,0,0,0,0,-0.0043643599999999994,-0.0017004,-0.00390656,-0.0067514599999999991,0.00565274,0.007941740000000001,0.00557644,0.00047524,0.00861536,-0.0087614199999999989,-0.00553502,-0.009701,0.00827528,0.0022999,0.01097194,0.00463032,0.0049486,-0.0075101,0.01108094,-0.0072812000000000007],[0,0,0,0,0,0,0,0,0,0,0,0,0,0,0,0,0,0,0,0,-0.07911904,-0.030825599999999998,-0.07081984,-0.12239343999999999,0.10247535999999999,0.14397136,0.10109216000000001,0.00861536,0.15618304,-0.15883087999999998,-0.10034128,-0.175864,0.15001792,0.0416936,0.19890416,0.08394048,0.0897104,-0.1361464,0.20088015999999997,-0.1319968],[0,0,0,0,0,0,0,0,0,0,0,0,0,0,0,0,0,0,0,0,0.08046038,0.0313482,0.07202048,0.12446842999999998,-0.10421266999999998,-0.14641217,-0.10280602000000001,-0.0087614199999999989,-0.15883087999999998,0.16152360999999998,0.10204241,0.1788455,-0.15256124,-0.04240045,-0.20227626999999998,-0.085363559999999991,-0.0912313,0.13845454999999998,-0.20428576999999998,0.1342346],[0,0,0,0,0,0,0,0,0,0,0,0,0,0,0,0,0,0,0,0,0.05083078,0.0198042,0.045498880000000005,0.07863283,-0.06583627,-0.09249577,-0.064947620000000011,-0.00553502,-0.10034128,0.10204241,0.064465210000000009,0.1129855,-0.09638044,-0.02678645,-0.12778787,-0.05392836,-0.057635300000000007,0.087468549999999992,-0.12905737,0.0848026],[0,0,0,0,0,0,0,0,0,0,0,0,0,0,0,0,0,0,0,0,0.089089,0.03471,0.079744,0.13781649999999998,-0.11538849999999999,-0.16211350000000002,-0.11383100000000002,-0.009701,-0.175864,0.1788455,0.1129855,0.198025,-0.168922,-0.046947499999999996,-0.2239685,-0.094518,-0.10101500000000001,0.15330249999999998,-0.2261935,0.14863],[0,0,0,0,0,0,0,0,0,0,0,0,0,0,0,0,0,0,0,0,-0.07599592,-0.0296088,-0.06802432,-0.11756211999999999,0.09843028,0.13828828,0.09710168000000001,0.00827528,0.15001792,-0.15256124,-0.09638044,-0.168922,0.14409616,0.040047799999999995,0.19105267999999997,0.08062704,0.0861692,-0.13077219999999998,0.19295067999999999,-0.1267864],[0,0,0,0,0,0,0,0,0,0,0,0,0,0,0,0,0,0,0,0,-0.021121099999999997,-0.008229,-0.018905599999999998,-0.03267335,0.027356149999999996,0.03843365,0.0269869,0.0022999,0.0416936,-0.04240045,-0.02678645,-0.046947499999999996,0.040047799999999995,0.01113025,0.05309815,0.0224082,0.0239485,-0.036344749999999995,0.05362565,-0.035237],[0,0,0,0,0,0,0,0,0,0,0,0,0,0,0,0,0,0,0,0,-0.10076065999999999,-0.0392574,-0.09019136,-0.15587200999999998,0.13050568999999998,0.18335219,0.12874414,0.01097194,0.19890416,-0.20227626999999998,-0.12778787,-0.2239685,0.19105267999999997,0.05309815,0.25331088999999996,0.10690092,0.11424909999999999,-0.17338684999999998,0.25582739,-0.1681022],[0,0,0,0,0,0,0,0,0,0,0,0,0,0,0,0,0,0,0,0,-0.04252248,-0.0165672,-0.03806208,-0.06578028,0.05507532,0.07737732,0.054331920000000006,0.00463032,0.08394048,-0.085363559999999991,-0.05392836,-0.094518,0.08062704,0.0224082,0.10690092,0.04511376,0.0482148,-0.0731718,0.10796292,-0.070941600000000007],[0,0,0,0,0,0,0,0,0,0,0,0,0,0,0,0,0,0,0,0,-0.0454454,-0.017706,-0.0406784,-0.0703019,0.0588611,0.082696100000000008,0.05806660000000001,0.0049486,0.0897104,-0.0912313,-0.057635300000000007,-0.10101500000000001,0.0861692,0.0239485,0.11424909999999999,0.0482148,0.051529000000000005,-0.0782015,0.1153841,-0.07581800000000001],[0,0,0,0,0,0,0,0,0,0,0,0,0,0,0,0,0,0,0,0,0.068968899999999986,0.026871,0.061734399999999995,0.10669164999999999,-0.089328849999999987,-0.12550134999999998,-0.0881231,-0.0075101,-0.1361464,0.13845454999999998,0.087468549999999992,0.15330249999999998,-0.13077219999999998,-0.036344749999999995,-0.17338684999999998,-0.0731718,-0.0782015,0.11868024999999999,-0.17510934999999997,0.115063],[0,0,0,0,0,0,0,0,0,0,0,0,0,0,0,0,0,0,0,0,-0.10176165999999999,-0.0396474,-0.091087359999999992,-0.15742050999999999,0.13180218999999999,0.18517369,0.13002314,0.01108094,0.20088015999999997,-0.20428576999999998,-0.12905737,-0.2261935,0.19295067999999999,0.05362565,0.25582739,0.10796292,0.1153841,-0.17510934999999997,0.25836888999999996,-0.1697722],[0,0,0,0,0,0,0,0,0,0,0,0,0,0,0,0,0,0,0,0,0.0668668,0.026052000000000002,0.059852800000000005,0.1034398,-0.0866062,-0.12167620000000001,-0.085437200000000019,-0.0072812000000000007,-0.1319968,0.1342346,0.0848026,0.14863,-0.1267864,-0.035237,-0.1681022,-0.070941600000000007,-0.07581800000000001,0.115063,-0.1697722,0.11155600000000002]],"R":[[0.007,0],[0,0.007]],"D12":[[0,0],[0,0],[0,0],[0,0],[0,0],[0,0],[0,0],[0,0],[0,0],[0,0],[0,0],[0,0],[0,0],[0,0],[0,0],[0,0],[0,0],[0,0],[0,0],[0,0],[0,0],[0,0],[0,0],[0,0],[0,0],[0,0],[0,0],[0,0],[0,0],[0,0],[0,0],[0,0],[0,0],[0,0],[0,0],[0,0],[0,0],[0,0],[0,0],[0,0],[0.083666002653407553,0],[0,0.083666002653407553]],"D11":[0,0,0,0,0,0,0,0,0,0,0,0,0,0,0,0,0,0,0,0,0,0,0,0,0,0,0,0,0,0,0,0,0,0,0,0,0,0,0,0,0,0],"D21":[0,0],"D22":[[0,0],[0,0]],"C_2":[[-0.274346,2.56495E-7,1.24771E-8,0.0638627,-9.02473E-9,-0.354791,5.15609E-9,9.47967E-9,0.289055,7.72417E-8,-1.09564E-8,-1.49674E-9,0.204444,2.42373E-8,-6.97884E-8,-0.389486,-0.0925547,1.85888E-7,-0.584968,-1.94107E-7,0,0,0,0,0,0,0,0,0,0,0,0,0,0,0,0,0,0,0,0],[0,0,0,0,0,0,0,0,0,0,0,0,0,0,0,0,0,0,0,0,-2.01214E-8,-0.0302832,0.175384,2.0214E-8,0.0807153,1.12285E-8,0.335051,-0.0801912,1.20779E-7,-0.282554,0.526414,0.323432,-1.96047E-9,0.0875089,-0.502781,1.28096E-7,2.59987E-9,-0.711243,1.06339E-7,-1.21232]]}